0.00000000 0.06609643 0.15775822 0.03585109 0.13496206 0.29543202 -0.04379839 0.00770775 0.04564702 -0.03905928 -0.01135355 0.01349697 -0.09531041 0.07740848 0.03273830 -0.10381854 -0.00918647 -0.05684710 -0.01117434 -0.00029250 -0.02650929 -0.00248560 0.01405875 -0.03483239 0.02432851 -0.00922820 0.11153867 -0.10318845 -0.05245944 -0.06487669 -0.02010994 0.00386189 -0.07417146 -0.09633084 -0.02114951 -0.02415229 -0.10354199 -0.00578365 -0.02026163 -0.03698397 -0.04630641 0.03967086 0.00296995 0.07795659 0.03369558 0.05261971 -0.00522018 -0.00632332 0.13333008 -0.03258672 0.00364188 -0.06515100 0.10205000 0.16480044 -0.00997603 -0.03317991 -0.01112133 0.05996830 0.19434871 -0.01324607 -0.07608444 0.02971597 0.06006841 0.04988002 -0.03171690 
0.06609643 0.00000000 0.36202964 0.11393082 0.40847272 0.01912546 -0.04539408 -0.03046031 0.02076585 -0.00789725 0.00278319 0.02370588 -0.06935430 -0.02292606 -0.04967950 -0.07206099 -0.04812999 -0.06213388 -0.03750468 -0.00714840 0.08318028 -0.09453561 -0.02051123 -0.06759329 0.10737372 -0.03345733 0.00789820 -0.02463585 0.06354494 -0.00638565 -0.02616982 -0.00476900 0.00310436 -0.10471703 0.08674825 -0.11534413 -0.04394387 0.06764569 -0.04572509 0.06831370 0.16754855 0.13915273 0.09621313 0.00029040 -0.05150534 0.01640196 0.08307172 0.08154278 0.03436059 0.01341234 0.00485133 -0.01525497 -0.01259557 0.01940467 -0.03028574 -0.00662422 -0.10104300 0.02890382 -0.02537934 -0.02190688 -0.08911728 -0.07298648 -0.03328648 -0.03071960 0.01596120 
0.15775822 0.36202964 0.00000000 0.07813376 -0.04302132 -0.12750011 0.38353630 -0.07500288 -0.03592541 -0.10473571 -0.06913198 -0.05103991 -0.09315592 0.03696906 -0.09368385 -0.02750414 0.07894306 -0.12655702 -0.08222399 0.06201824 -0.03538832 -0.01314579 0.03617616 0.00003990 0.14288981 -0.11956985 0.24679142 0.09571127 -0.05683926 -0.01280058 -0.05763777 -0.04310748 -0.09206713 -0.08891193 -0.07991560 0.00450974 0.02280660 0.09211957 0.19556325 0.36621114 0.19721033 0.22664940 -0.04794423 0.09030614 0.02190328 0.04414175 0.13427210 0.01996766 0.08137657 -0.02650812 -0.03081117 -0.06536923 -0.06483009 0.02955131 -0.09409687 -0.12587957 -0.09722666 -0.06864647 -0.09363268 -0.06929342 -0.09616462 -0.00263881 -0.00364458 -0.04764756 -0.06580230 
0.03585109 0.11393082 0.07813376 0.00000000 0.04928393 0.01376071 -0.03108768 0.05959257 -0.00710035 0.04432829 0.06033565 0.12676600 0.08100355 0.03000517 -0.09333914 0.12951584 0.00263512 -0.12170862 -0.04757747 -0.02879736 0.11753447 -0.03499824 0.07154808 0.00238135 0.01420999 0.02478934 -0.02778371 0.08109165 0.04057205 0.03831417 0.03457067 0.00840924 0.04002150 -0.04204403 -0.08968281 -0.04849461 -0.04891362 -0.02026394 -0.04158906 -0.00145826 0.06712483 0.05824699 -0.07294421 -0.06883311 0.00217165 0.03330437 -0.00941040 -0.02856271 0.05947864 0.11894053 0.01105250 -0.10906665 -0.03376043 -0.07889124 0.10272841 0.01125734 -0.00687853 -0.00948779 -0.01347486 -0.00619279 0.11436878 -0.00384102 -0.04613857 0.02461320 0.04988198 
0.13496206 0.40847272 -0.04302132 0.04928393 0.00000000 -0.14650606 0.01732262 0.10349319 0.14684503 -0.12321345 0.06270480 0.12171344 0.02835325 0.05844483 -0.05755014 0.15183864 -0.10152118 0.02169554 -0.03630784 0.07837890 0.05444620 0.02114801 -0.09918131 -0.02245818 0.01390125 -0.09106761 -0.13259353 0.02506775 -0.07194497 0.03630913 -0.04185000 0.01593535 -0.00691758 0.10620812 -0.08935906 -0.00596148 -0.03352687 -0.07265346 -0.09875959 -0.07481602 -0.06446817 0.02993087 0.12978267 -0.01378661 -0.02880710 -0.01327326 0.07854945 0.00557924 0.00549729 0.01462238 0.01620405 -0.08479838 0.02494703 0.03076518 -0.05490641 -0.02565000 0.03428892 0.07365261 -0.00256530 0.02465640 0.03307463 0.04244231 -0.02305109 -0.02493023 0.09085206 
0.29543202 0.01912546 -0.12750011 0.01376071 -0.14650606 0.00000000 -0.03528165 -0.03748599 0.08850284 0.15387166 -0.03110524 -0.08876084 -0.02579976 -0.05033635 -0.13560013 -0.00147903 -0.02718282 -0.08136006 0.00547078 -0.13984170 0.02054295 -0.01561226 -0.08083746 -0.02182213 -0.04087444 0.00223135 -0.05887676 -0.02017253 -0.02662641 -0.05493863 -0.07075351 -0.00918088 0.01557218 0.08099603 0.03424994 -0.02408868 0.10988943 -0.04122035 -0.02846575 0.01314245 0.00895676 0.04527342 -0.01140543 0.11177255 0.04767468 -0.12844103 -0.10028736 0.02882782 0.34524997 -0.09473471 0.09588388 0.17602735 0.21191657 -0.09817620 0.08970153 -0.00491656 0.06480231 -0.02599188 0.04084470 0.04184951 0.00556984 0.04128056 0.28039679 0.01090716 -0.01004121 
-0.04379839 -0.04539408 0.38353630 -0.03108768 0.01732262 -0.03528165 0.00000000 0.03748627 0.08736050 0.03460029 0.23144504 -0.09729966 -0.03870719 0.01970024 -0.07361603 0.00434400 0.07688674 -0.07278302 0.07426381 -0.06927115 -0.01438878 -0.02494505 -0.02815022 -0.00493396 0.03000405 -0.00033661 0.51971587 0.00666532 0.05921951 -0.01826295 -0.05211032 -0.04697128 0.00675167 -0.04860202 -0.12091738 0.00089974 0.13050823 -0.03399058 0.04147964 0.07785270 0.01116754 0.09348439 -0.11307647 0.07595525 -0.08815723 0.12140949 0.08491451 -0.07047176 -0.01304871 -0.06158473 -0.02240522 -0.02133780 -0.17118769 -0.00071692 0.01836915 0.04621018 -0.02835946 -0.12231556 -0.08226406 0.08574506 0.01192218 -0.07956204 -0.07174582 0.07701077 -0.02884460 
0.00770775 -0.03046031 -0.07500288 0.05959257 0.10349319 -0.03748599 0.03748627 0.00000000 0.12061617 -0.02322294 0.26512011 0.13668565 0.03926234 0.03858589 -0.10196392 0.01032308 -0.00529835 0.01417020 -0.01697270 -0.08329722 0.04768473 0.03415471 -0.01210692 -0.01514261 -0.06823170 -0.09314966 -0.07397139 -0.03890413 -0.11443986 0.00336244 0.03349327 0.02918568 0.04527154 -0.00881721 -0.01649588 -0.02365064 -0.08707110 -0.05097372 0.00755614 -0.00931190 0.07394302 0.10064722 0.08854907 -0.05569284 -0.04218553 0.06059107 0.00224883 -0.10731831 0.01220193 0.06541181 0.01221411 -0.15241067 0.06976876 -0.00191369 0.07894202 -0.13773479 0.01498656 -0.00661713 0.11823722 0.06440487 0.08333339 0.02771442 -0.00413774 -0.02874228 0.17697582 
0.04564702 0.02076585 -0.03592541 -0.00710035 0.14684503 0.08850284 0.08736050 0.12061617 0.00000000 -0.04786241 -0.00057022 0.18834148 0.32547447 -0.02619028 -0.08429189 -0.05411555 -0.03038647 0.02901109 0.00879522 -0.04212444 0.05260577 -0.05909724 0.03587853 -0.01043483 -0.02408663 -0.01814534 0.08539441 -0.02765773 -0.04495397 -0.03059251 0.00783536 -0.09420330 0.05807584 -0.01298398 -0.05095442 -0.10492381 -0.06949410 -0.00920751 -0.09444940 -0.03569687 0.11568311 0.03565331 0.07830592 -0.12957028 -0.00564250 -0.03124558 -0.02753747 -0.01685443 -0.00144807 0.00135401 -0.03807799 -0.04949138 0.23112591 0.08181614 -0.06364881 -0.03136445 -0.04703722 0.18080579 0.12230830 -0.01099409 0.01225265 -0.00504349 0.13143174 0.00460015 -0.06128362 
-0.03905928 -0.00789725 -0.10473571 0.04432829 -0.12321345 0.15387166 0.03460029 -0.02322294 -0.04786241 0.00000000 -0.05633534 -0.05466751 -0.04134261 0.00106557 0.07805157 -0.04740018 0.13902297 -0.07938440 -0.08223864 -0.00081803 -0.01969012 0.03484372 -0.01143210 -0.04532335 -0.01421718 -0.02343836 0.04870975 -0.10280627 -0.07214501 -0.02530378 0.02681297 0.02433005 0.06140446 -0.02870288 0.12076221 -0.01359882 0.55136059 -0.05559106 0.00199600 0.00521952 -0.10004817 -0.00541655 0.09499306 0.07551169 -0.02737985 0.01526820 -0.03036444 0.08097807 0.03987920 0.00903534 -0.00899487 0.33849224 0.09051592 -0.06305544 -0.04216822 0.02997643 -0.04242455 -0.01819576 -0.02900962 -0.04393947 -0.03512024 -0.02510389 -0.04563408 -0.05375446 -0.10213863 
-0.01135355 0.00278319 -0.06913198 0.06033565 0.06270480 -0.03110524 0.23144504 0.26512011 -0.00057022 -0.05633534 0.00000000 0.17824446 0.03630801 -0.02647312 0.05244418 0.00736939 0.17887034 0.09992694 0.10756400 -0.02884944 0.01809185 -0.03453554 -0.08370634 -0.05495775 0.06697791 -0.13390825 0.17838605 -0.00378445 0.01106506 0.12196021 -0.00855441 -0.05676677 -0.01791874 -0.08053457 -0.11193771 -0.13401864 0.04499025 -0.01455258 0.05953883 -0.03132642 -0.01732151 -0.00177305 0.00189398 -0.09548546 -0.10417018 0.04754633 0.08035941 -0.07827876 -0.00463766 -0.04729616 -0.10172531 -0.04170367 0.02939078 -0.11969117 -0.02264649 0.00147790 0.06695698 -0.01429819 0.02435635 0.06811290 0.03925162 -0.01049093 0.06400534 0.05107108 0.12581644 
0.01349697 0.02370588 -0.05103991 0.12676600 0.12171344 -0.08876084 -0.09729966 0.13668565 0.18834148 -0.05466751 0.17824446 0.00000000 0.00552335 0.00285859 -0.06363269 0.14490924 -0.01825868 0.10736170 0.08317320 0.07245934 -0.04948673 0.00222778 -0.08378545 -0.01613775 -0.03948515 -0.13174496 -0.10870877 -0.01551030 0.00021823 -0.02030783 0.09755880 0.01866378 0.08966902 -0.03385676 -0.01394373 -0.02247362 0.03705066 -0.07902157 -0.06925051 -0.08758924 -0.00031245 -0.12686135 0.03532328 0.17105521 -0.04133808 -0.04424384 0.00683742 -0.10063409 -0.01326556 0.03067927 0.07426556 -0.01357356 0.03738607 -0.01478795 0.02170475 0.06306353 0.01209509 -0.04223757 0.12350494 -0.00013318 0.15979719 0.08675594 -0.00709988 -0.04319944 0.02949485 
-0.09531041 -0.06935430 -0.09315592 0.08100355 0.02835325 -0.02579976 -0.03870719 0.03926234 0.32547447 -0.04134261 0.03630801 0.00552335 0.00000000 -0.02788282 0.06628934 0.09197180 -0.00703171 0.08793049 0.07171216 0.00481476 -0.13499471 -0.05588517 -0.08455889 -0.03107133 -0.06043763 -0.05477420 -0.06553023 0.00325374 0.01147421 -0.02084060 0.09372726 0.38907686 0.09817566 0.09426506 -0.02569711 0.08761917 0.05085275 -0.05261278 -0.06188656 -0.05800767 -0.06511042 -0.03900556 -0.01477773 -0.05922472 0.01991337 -0.05104743 -0.05975029 -0.10586438 -0.11298397 -0.00472175 0.02998923 -0.02984489 -0.00786555 -0.11055346 -0.01995419 0.12728535 0.08889173 0.31584550 0.02828782 -0.08796205 0.06404385 0.09601846 0.15593828 0.00042643 0.10521907 
0.07740848 -0.02292606 0.03696906 0.03000517 0.05844483 -0.05033635 0.01970024 0.03858589 -0.02619028 0.00106557 -0.02647312 0.00285859 -0.02788282 0.00000000 -0.04905959 -0.03483919 0.03159058 0.00110451 0.00693584 -0.01911254 -0.01734980 0.00086531 -0.05369586 -0.03158043 -0.03217928 -0.04547792 -0.00557224 -0.01133925 -0.04852693 0.08176964 0.02393890 -0.03370930 0.00634063 -0.02117334 -0.02493219 -0.07747658 0.00017753 -0.03687074 0.03615111 0.00300090 -0.04588225 -0.00687312 0.01032082 -0.01055327 -0.05909291 0.05708578 0.03604892 -0.00133274 -0.04504206 0.07577700 -0.03404816 0.07526607 -0.05625149 -0.03044185 -0.08835543 0.11950461 0.03069539 0.02239746 0.05037907 0.01843684 0.10701668 0.04710661 0.01597913 0.02819180 0.05917953 
0.03273830 -0.04967950 -0.09368385 -0.09333914 -0.05755014 -0.13560013 -0.07361603 -0.10196392 -0.08429189 0.07805157 0.05244418 -0.06363269 0.06628934 -0.04905959 0.00000000 -0.10659177 -0.07041456 -0.01236683 0.09398342 -0.03440301 0.08608075 -0.01908586 0.00200854 0.06198843 -0.01887170 0.02725360 0.08308403 0.07748330 0.15757509 0.06405489 0.11180969 0.27454933 0.15490386 0.14871144 0.28799032 0.12402585 0.03141852 -0.06547243 0.00360220 -0.08515519 -0.11037368 -0.06030697 0.02929755 -0.11592251 -0.10251264 -0.03884984 -0.08970328 -0.11228355 0.03472321 0.05037929 -0.05019422 0.12319060 -0.02848902 0.06499225 0.05069359 0.05314180 -0.05754458 -0.08586808 -0.03450270 0.03620631 0.02111393 0.01647803 0.06961293 -0.03598844 -0.08903372 
-0.10381854 -0.07206099 -0.02750414 0.12951584 0.15183864 -0.00147903 0.00434400 0.01032308 -0.05411555 -0.04740018 0.00736939 0.14490924 0.09197180 -0.03483919 -0.10659177 0.00000000 -0.01863132 0.21066856 -0.00981279 0.04147922 0.11614537 0.13078891 -0.00686746 0.00066215 -0.05638589 -0.00422131 -0.01306479 0.27149941 0.03389491 0.12279803 -0.04128163 0.05120165 -0.09494021 0.08380036 0.00376985 -0.01587842 0.02926493 -0.04990248 -0.05771084 -0.03364746 0.10223712 -0.03106355 0.03353480 -0.03004320 0.01405085 0.10020812 -0.01652691 -0.02431372 0.05028666 -0.01980233 0.06321977 -0.03417426 -0.09703968 -0.02248409 -0.00329121 -0.04472170 -0.01166530 -0.06959242 -0.03992317 0.02517290 0.08488634 0.01930595 -0.10062098 -0.00060639 0.13625438 
-0.00918647 -0.04812999 0.07894306 0.00263512 -0.10152118 -0.02718282 0.07688674 -0.00529835 -0.03038647 0.13902297 0.17887034 -0.01825868 -0.00703171 0.03159058 -0.07041456 -0.01863132 0.00000000 0.16779981 -0.02308610 0.43475930 -0.00495683 -0.01832760 -0.01749525 -0.06372902 0.26142269 0.05934887 0.44879691 0.00543434 0.02373218 -0.04477035 -0.01032414 -0.10110889 0.05140238 -0.04456388 0.02427564 0.05293538 0.06829130 -0.05456660 0.01273368 -0.00479474 -0.00489507 0.02678958 0.09526106 0.12096147 -0.04922581 0.01497228 -0.08785411 -0.05115075 -0.14658546 -0.01953751 -0.05680347 -0.07062360 -0.08525439 -0.04620355 0.02920887 -0.10572120 -0.09431842 0.09975779 -0.04308960 -0.06623127 -0.02494915 0.00454335 -0.06238884 -0.02609196 0.06021456 
-0.05684710 -0.06213388 -0.12655702 -0.12170862 0.02169554 -0.08136006 -0.07278302 0.01417020 0.02901109 -0.07938440 0.09992694 0.10736170 0.08793049 0.00110451 -0.01236683 0.21066856 0.16779981 0.00000000 0.14711413 -0.01046135 0.04101676 0.00887402 0.01633259 -0.01091997 -0.04167929 0.29346628 -0.13508730 0.42359019 -0.01264069 -0.00360678 0.04736570 -0.08528044 0.05538333 0.04429024 -0.04769442 0.05919615 -0.11615980 -0.06848755 -0.09137670 0.02047264 0.01780632 0.02132217 -0.06175259 0.13839766 0.03725227 0.00509034 -0.03617780 0.01670108 -0.02227537 -0.01133671 0.01225895 0.03013755 0.00015414 -0.08769240 0.05652623 0.00047271 0.02975430 0.00976561 0.05761592 -0.08841686 -0.03264230 -0.07471423 0.01501122 0.04295641 0.11363968 
-0.01117434 -0.03750468 -0.08222399 -0.04757747 -0.03630784 0.00547078 0.07426381 -0.01697270 0.00879522 -0.08223864 0.10756400 0.08317320 0.07171216 0.00693584 0.09398342 -0.00981279 -0.02308610 0.14711413 0.00000000 0.17713507 0.16005039 0.04723852 -0.01980108 0.07455828 -0.04366689 0.54453260 -0.05644376 0.09552413 -0.04230818 -0.04016943 0.05772022 -0.06284295 0.07921373 -0.06277762 -0.07680193 0.19994278 -0.10845185 0.01023281 -0.10489741 -0.00041121 0.05628661 -0.01746485 -0.10675471 0.00859621 0.07550287 -0.06462130 0.02154500 -0.05334453 -0.01901367 -0.02859488 -0.04314103 0.00799770 -0.02564795 -0.01808436 -0.03116064 -0.01407202 0.02083227 -0.14169151 -0.01649218 0.05790943 0.02541547 -0.09600364 0.00890113 -0.02854430 -0.06403956 
-0.00029250 -0.00714840 0.06201824 -0.02879736 0.07837890 -0.13984170 -0.06927115 -0.08329722 -0.04212444 -0.00081803 -0.02884944 0.07245934 0.00481476 -0.01911254 -0.03440301 0.04147922 0.43475930 -0.01046135 0.17713507 0.00000000 0.17904386 0.03475867 0.34655228 0.01336279 0.67245664 -0.05519469 -0.03668523 0.01099075 -0.06504097 0.00423100 0.06859690 -0.04593806 0.08996844 -0.10852137 -0.03842052 -0.05046261 -0.04217528 0.06020439 0.03654619 -0.07838547 -0.00609788 -0.04344440 0.05466334 -0.04503675 -0.00651854 -0.04561386 -0.05067877 -0.04506997 0.05960487 0.00383701 -0.05027142 -0.00742515 -0.04985423 0.05287704 -0.00936555 -0.02325278 -0.08427974 -0.01106675 -0.01456125 -0.01945438 -0.07682058 -0.08262082 -0.04349744 -0.03986019 -0.10222879 
-0.02650929 0.08318028 -0.03538832 0.11753447 0.05444620 0.02054295 -0.01438878 0.04768473 0.05260577 -0.01969012 0.01809185 -0.04948673 -0.13499471 -0.01734980 0.08608075 0.11614537 -0.00495683 0.04101676 0.16005039 0.17904386 0.00000000 0.05718609 0.06416312 -0.02342034 0.11553586 0.22535721 0.06484563 0.12200575 -0.07394890 0.01191362 -0.05817116 -0.09393681 0.16151473 -0.08865458 -0.11825994 0.09874682 -0.10286459 -0.03364703 0.00497554 -0.00140522 -0.05131491 0.00034374 -0.05304142 0.11003294 0.02727585 0.00266938 0.03079892 -0.05748204 -0.03801380 -0.02075044 -0.02103143 -0.07706101 -0.09306620 -0.02230473 0.02865547 -0.00782897 -0.01045388 -0.08839856 0.00369442 -0.00122019 0.00150363 0.03479803 -0.01483327 0.02418379 0.02407463 
-0.00248560 -0.09453561 -0.01314579 -0.03499824 0.02114801 -0.01561226 -0.02494505 0.03415471 -0.05909724 0.03484372 -0.03453554 0.00222778 -0.05588517 0.00086531 -0.01908586 0.13078891 -0.01832760 0.00887402 0.04723852 0.03475867 0.05718609 0.00000000 0.34018167 0.09417861 -0.00294684 0.05277676 -0.04251521 0.00088164 -0.01742410 -0.00155365 0.01158033 0.03591731 -0.02068857 -0.02432069 0.00216602 0.01031683 0.09544147 -0.05067318 -0.05424265 -0.03742842 -0.06167045 0.04289756 0.02677309 0.06872068 0.00309348 -0.01865820 -0.08438916 -0.01005743 -0.05692240 -0.04678344 -0.04453857 0.00603652 -0.01964401 -0.03432059 0.14857665 -0.06495449 0.04342120 -0.02883978 -0.02016206 -0.07490444 -0.02594646 0.02368429 -0.04518707 0.00387255 0.04467862 
0.01405875 -0.02051123 0.03617616 0.07154808 -0.09918131 -0.08083746 -0.02815022 -0.01210692 0.03587853 -0.01143210 -0.08370634 -0.08378545 -0.08455889 -0.05369586 0.00200854 -0.00686746 -0.01749525 0.01633259 -0.01980108 0.34655228 0.06416312 0.34018167 0.00000000 0.23311968 0.10553993 0.00036440 0.06832357 -0.01954688 0.02806413 -0.04079545 -0.01851407 -0.04101082 -0.05239963 -0.13192199 0.07542146 0.02773953 0.04946990 0.15696864 0.02157877 -0.08827271 0.02207568 0.01683650 0.11576357 0.00083873 -0.12543820 0.06525812 0.05641419 -0.05101327 -0.04779697 -0.03781005 0.04500704 -0.07481043 0.00425968 -0.03702877 -0.06116453 -0.07402120 -0.04188719 0.07689417 -0.00068502 0.00975744 -0.03778722 -0.11230001 -0.07760518 0.03349907 -0.06548511 
-0.03483239 -0.06759329 0.00003990 0.00238135 -0.02245818 -0.02182213 -0.00493396 -0.01514261 -0.01043483 -0.04532335 -0.05495775 -0.01613775 -0.03107133 -0.03158043 0.06198843 0.00066215 -0.06372902 -0.01091997 0.07455828 0.01336279 -0.02342034 0.09417861 0.23311968 0.00000000 -0.03632241 0.07450481 0.04979917 -0.00635515 -0.04934299 -0.03096054 -0.05695225 0.02145691 -0.00975674 -0.03542879 -0.01282048 0.06803891 0.02794998 0.19483950 -0.02129254 0.00934619 0.03251758 -0.04827910 0.06324336 0.03039468 -0.00668341 -0.03466774 -0.07156800 -0.01751929 0.01387046 -0.01672380 -0.04459102 0.07919610 -0.03813970 0.02313476 0.02570469 -0.04199047 0.02422445 0.06958210 -0.04139976 -0.01577587 -0.01155393 -0.03536590 -0.03870540 -0.03375277 -0.00578878 
0.02432851 0.10737372 0.14288981 0.01420999 0.01390125 -0.04087444 0.03000405 -0.06823170 -0.02408663 -0.01421718 0.06697791 -0.03948515 -0.06043763 -0.03217928 -0.01887170 -0.05638589 0.26142269 -0.04167929 -0.04366689 0.67245664 0.11553586 -0.00294684 0.10553993 -0.03632241 0.00000000 -0.09469735 0.25086887 -0.10450156 0.01407611 0.00567619 -0.07886771 -0.07770195 -0.05178365 -0.12792971 0.04834622 -0.06708330 0.02445265 0.00978052 0.40505803 -0.02926310 0.08591828 0.04948386 0.11503965 0.10161091 -0.07858171 0.02082542 0.02673795 -0.02347292 -0.01612695 -0.07863613 -0.10785190 -0.01631769 0.02237779 0.00474150 -0.04246111 -0.04129446 -0.08497462 -0.01872934 -0.08783056 0.01356856 -0.04997504 -0.09844045 0.06124885 -0.06464332 -0.05646639 
-0.00922820 -0.03345733 -0.11956985 0.02478934 -0.09106761 0.00223135 -0.00033661 -0.09314966 -0.01814534 -0.02343836 -0.13390825 -0.13174496 -0.05477420 -0.04547792 0.02725360 -0.00422131 0.05934887 0.29346628 0.54453260 -0.05519469 0.22535721 0.05277676 0.00036440 0.07450481 -0.09469735 0.00000000 0.12158331 0.08189096 0.02303166 -0.11662534 0.02772052 0.00838425 -0.04946565 0.18844317 -0.08056441 0.63861207 -0.02041061 -0.07216270 -0.08313686 -0.07253134 -0.06661168 -0.00772113 -0.01513034 -0.02522247 0.01131760 0.06069530 0.07472483 0.03438780 0.08053350 0.00131166 0.08069661 -0.04016907 -0.01762590 0.03231892 0.08981155 -0.12699033 -0.01401573 -0.06027391 -0.10011319 -0.04330894 -0.05809316 -0.08192924 0.02754031 -0.01010556 -0.05187445 
0.11153867 0.00789820 0.24679142 -0.02778371 -0.13259353 -0.05887676 0.51971587 -0.07397139 0.08539441 0.04870975 0.17838605 -0.10870877 -0.06553023 -0.00557224 0.08308403 -0.01306479 0.44879691 -0.13508730 -0.05644376 -0.03668523 0.06484563 -0.04251521 0.06832357 0.04979917 0.25086887 0.12158331 0.00000000 -0.03655234 0.00948159 -0.01484158 -0.15877270 -0.06396009 -0.08295265 -0.04965017 -0.01701744 -0.08800765 0.07241071 -0.07076260 0.06691535 0.10185275 -0.06013155 0.06735119 -0.09857086 0.00425854 0.03418249 0.07922541 -0.08075233 -0.16740872 -0.03754584 -0.18769791 -0.10961062 -0.01852170 -0.02972202 -0.07158181 -0.11689226 0.13203991 -0.10379921 0.01389268 -0.03407676 0.05876931 -0.05812766 0.01163716 -0.00360847 0.12675273 0.00088797 
-0.10318845 -0.02463585 0.09571127 0.08109165 0.02506775 -0.02017253 0.00666532 -0.03890413 -0.02765773 -0.10280627 -0.00378445 -0.01551030 0.00325374 -0.01133925 0.07748330 0.27149941 0.00543434 0.42359019 0.09552413 0.01099075 0.12200575 0.00088164 -0.01954688 -0.00635515 -0.10450156 0.08189096 -0.03655234 0.00000000 0.07529556 -0.06969089 0.03205066 0.21705163 -0.01049556 0.03677561 0.12856233 -0.01079190 -0.08826158 -0.10391644 0.00229333 0.00518135 -0.00789510 -0.03540979 0.02990139 -0.03076657 -0.02723540 0.01245971 -0.06406562 -0.00612751 -0.04577249 -0.08601346 0.08241242 0.07474172 -0.06051246 0.04371718 0.07941708 -0.11401091 -0.08534543 -0.00234566 -0.01097850 -0.00844072 -0.04504648 -0.05231696 0.09972404 0.00758047 0.03892517 
-0.05245944 0.06354494 -0.05683926 0.04057205 -0.07194497 -0.02662641 0.05921951 -0.11443986 -0.04495397 -0.07214501 0.01106506 0.00021823 0.01147421 -0.04852693 0.15757509 0.03389491 0.02373218 -0.01264069 -0.04230818 -0.06504097 -0.07394890 -0.01742410 0.02806413 -0.04934299 0.01407611 0.02303166 0.00948159 0.07529556 0.00000000 0.43222135 0.41380130 0.12789985 0.25867958 0.24854906 0.22974334 -0.05811179 -0.01438620 -0.04952346 -0.02703875 -0.09366040 -0.13395596 0.00465999 0.09259735 -0.14327445 -0.08085139 -0.03383775 -0.06887933 -0.10661247 -0.11945021 -0.11231597 -0.05431257 -0.08230674 -0.09727103 0.01993277 0.01255393 0.07804321 0.02326444 0.06006755 0.08291749 -0.02638310 0.02045900 0.01547313 -0.04708348 0.03641435 0.01417362 
-0.06487669 -0.00638565 -0.01280058 0.03831417 0.03630913 -0.05493863 -0.01826295 0.00336244 -0.03059251 -0.02530378 0.12196021 -0.02030783 -0.02084060 0.08176964 0.06405489 0.12279803 -0.04477035 -0.00360678 -0.04016943 0.00423100 0.01191362 -0.00155365 -0.04079545 -0.03096054 0.00567619 -0.11662534 -0.01484158 -0.06969089 0.43222135 0.00000000 0.23723358 0.06645203 0.05212260 0.02962245 0.06700888 -0.01577694 -0.01759599 -0.05889060 -0.01965294 0.00457308 -0.10675005 0.00951377 -0.02108259 -0.05744821 -0.06451243 -0.05396378 -0.05527340 0.07562292 0.04427545 -0.06214637 -0.01321826 -0.04353370 -0.02339297 0.05272398 0.01385342 0.13343047 0.07675753 -0.05285585 0.01556056 -0.06618507 0.13345419 0.00514462 -0.03238913 0.06233181 0.07644179 
-0.02010994 -0.02616982 -0.05763777 0.03457067 -0.04185000 -0.07075351 -0.05211032 0.03349327 0.00783536 0.02681297 -0.00855441 0.09755880 0.09372726 0.02393890 0.11180969 -0.04128163 -0.01032414 0.04736570 0.05772022 0.06859690 -0.05817116 0.01158033 -0.01851407 -0.05695225 -0.07886771 0.02772052 -0.15877270 0.03205066 0.41380130 0.23723358 0.00000000 0.35586620 0.20179452 0.11145824 -0.02346731 -0.04537608 0.01789403 -0.01096760 0.00544650 -0.01394284 0.07711736 -0.08305389 -0.12234290 -0.04782158 -0.00123864 0.09509468 -0.03932359 -0.00678715 0.03494430 -0.00842943 -0.05148525 0.01366914 -0.09989928 0.00495621 0.02185088 -0.05821166 -0.02660590 -0.08538782 -0.01462548 -0.01873368 0.02853061 0.01657679 -0.03209754 -0.00988222 0.03039626 
0.00386189 -0.00476900 -0.04310748 0.00840924 0.01593535 -0.00918088 -0.04697128 0.02918568 -0.09420330 0.02433005 -0.05676677 0.01866378 0.38907686 -0.03370930 0.27454933 0.05120165 -0.10110889 -0.08528044 -0.06284295 -0.04593806 -0.09393681 0.03591731 -0.04101082 0.02145691 -0.07770195 0.00838425 -0.06396009 0.21705163 0.12789985 0.06645203 0.35586620 0.00000000 0.38130906 0.27803577 0.03923434 -0.04093267 -0.00880811 -0.13400264 -0.04316435 -0.05361007 -0.01288790 -0.06821992 -0.02629364 -0.00391417 -0.08787922 -0.08890615 -0.05445804 -0.05639689 -0.04635558 0.02644358 0.11610303 0.04955888 -0.07614637 -0.01028501 0.05932176 -0.00892040 0.06221603 -0.06391820 0.05138578 -0.07926865 -0.07693361 -0.03466681 -0.04187004 -0.00773495 -0.01563745 
-0.07417146 0.00310436 -0.09206713 0.04002150 -0.00691758 0.01557218 0.00675167 0.04527154 0.05807584 0.06140446 -0.01791874 0.08966902 0.09817566 0.00634063 0.15490386 -0.09494021 0.05140238 0.05538333 0.07921373 0.08996844 0.16151473 -0.02068857 -0.05239963 -0.00975674 -0.05178365 -0.04946565 -0.08295265 -0.01049556 0.25867958 0.05212260 0.20179452 0.38130906 0.00000000 0.16213510 0.04133838 -0.00050362 -0.05717853 -0.00545821 -0.05057362 -0.08844265 -0.07907230 -0.16653345 -0.02732310 -0.01918529 -0.08373311 0.13462152 -0.05834187 -0.10384805 -0.07828596 0.04289074 0.01199602 0.06201338 -0.01348244 -0.04488200 0.03849460 -0.06280345 0.06118723 0.07713265 0.01765124 -0.06580872 -0.00938187 -0.07131203 -0.03151599 -0.02141471 0.02757786 
-0.09633084 -0.10471703 -0.08891193 -0.04204403 0.10620812 0.08099603 -0.04860202 -0.00881721 -0.01298398 -0.02870288 -0.08053457 -0.03385676 0.09426506 -0.02117334 0.14871144 0.08380036 -0.04456388 0.04429024 -0.06277762 -0.10852137 -0.08865458 -0.02432069 -0.13192199 -0.03542879 -0.12792971 0.18844317 -0.04965017 0.03677561 0.24854906 0.02962245 0.11145824 0.27803577 0.16213510 0.00000000 0.04568518 0.25169120 0.08969218 -0.06786368 -0.07525334 -0.02195279 -0.05964847 -0.03078205 -0.03796664 -0.01585549 -0.12154163 -0.06286985 -0.05651721 -0.04484001 0.01710183 0.06497966 0.12182586 0.03060552 -0.00086886 0.03537502 0.08622321 0.03217103 0.05210306 0.01719243 -0.02696098 0.01728723 -0.05699637 0.07710161 0.06924485 0.03799822 0.11947456 
-0.02114951 0.08674825 -0.07991560 -0.08968281 -0.08935906 0.03424994 -0.12091738 -0.01649588 -0.05095442 0.12076221 -0.11193771 -0.01394373 -0.02569711 -0.02493219 0.28799032 0.00376985 0.02427564 -0.04769442 -0.07680193 -0.03842052 -0.11825994 0.00216602 0.07542146 -0.01282048 0.04834622 -0.08056441 -0.01701744 0.12856233 0.22974334 0.06700888 -0.02346731 0.03923434 0.04133838 0.04568518 0.00000000 0.17488310 0.03580695 0.02685513 0.03349904 -0.12775501 -0.09545070 -0.01789853 0.09054045 -0.02125506 -0.02834282 0.07042749 -0.00393234 0.04758013 -0.08036969 0.06243015 -0.00660363 0.11458112 -0.06910480 -0.01463781 0.20812863 0.09539367 -0.02899470 -0.09781726 -0.02898893 -0.00353550 0.08565429 -0.02549329 -0.05934732 0.08481751 -0.02072043 
-0.02415229 -0.11534413 0.00450974 -0.04849461 -0.00596148 -0.02408868 0.00089974 -0.02365064 -0.10492381 -0.01359882 -0.13401864 -0.02247362 0.08761917 -0.07747658 0.12402585 -0.01587842 0.05293538 0.05919615 0.19994278 -0.05046261 0.09874682 0.01031683 0.02773953 0.06803891 -0.06708330 0.63861207 -0.08800765 -0.01079190 -0.05811179 -0.01577694 -0.04537608 -0.04093267 -0.00050362 0.25169120 0.17488310 0.00000000 0.08070397 0.21254978 0.00569859 0.03934037 0.02433704 -0.10154646 -0.01865161 -0.12777375 -0.09365055 -0.07558214 0.04488655 -0.00870265 0.08326156 -0.07117976 0.05871504 0.07787939 -0.06811445 -0.07006542 0.01227448 -0.00052344 -0.00840873 -0.04318616 -0.07500570 -0.05857811 -0.09154559 0.04806042 -0.04617957 0.01872736 0.02207178 
-0.10354199 -0.04394387 0.02280660 -0.04891362 -0.03352687 0.10988943 0.13050823 -0.08707110 -0.06949410 0.55136059 0.04499025 0.03705066 0.05085275 0.00017753 0.03141852 0.02926493 0.06829130 -0.11615980 -0.10845185 -0.04217528 -0.10286459 0.09544147 0.04946990 0.02794998 0.02445265 -0.02041061 0.07241071 -0.08826158 -0.01438620 -0.01759599 0.01789403 -0.00880811 -0.05717853 0.08969218 0.03580695 0.08070397 0.00000000 0.23918013 -0.02419217 -0.02081551 -0.13537255 -0.02384273 0.05771480 0.05081264 -0.07517883 -0.07443286 -0.04623570 -0.03497512 -0.00061348 -0.01495877 -0.14537223 0.07895110 0.05205836 -0.01881629 -0.01529818 -0.06798046 0.05922068 -0.04051622 -0.10096603 -0.02790748 -0.00079926 0.05384124 -0.03848310 -0.01042760 0.09730272 
-0.00578365 0.06764569 0.09211957 -0.02026394 -0.07265346 -0.04122035 -0.03399058 -0.05097372 -0.00920751 -0.05559106 -0.01455258 -0.07902157 -0.05261278 -0.03687074 -0.06547243 -0.04990248 -0.05456660 -0.06848755 0.01023281 0.06020439 -0.03364703 -0.05067318 0.15696864 0.19483950 0.00978052 -0.07216270 -0.07076260 -0.10391644 -0.04952346 -0.05889060 -0.01096760 -0.13400264 -0.00545821 -0.06786368 0.02685513 0.21254978 0.23918013 0.00000000 0.15853284 0.43401031 0.29795302 -0.00122438 0.06512430 0.31217360 -0.01383021 0.07083104 -0.06478561 0.04267715 0.00446816 -0.08379557 0.04584176 -0.02608798 -0.02732288 0.00418669 -0.06259544 -0.12816620 -0.04863626 0.06809635 0.05201793 -0.06067783 -0.00602522 -0.01569381 -0.08616533 -0.10615742 -0.09491656 
-0.02026163 -0.04572509 0.19556325 -0.04158906 -0.09875959 -0.02846575 0.04147964 0.00755614 -0.09444940 0.00199600 0.05953883 -0.06925051 -0.06188656 0.03615111 0.00360220 -0.05771084 0.01273368 -0.09137670 -0.10489741 0.03654619 0.00497554 -0.05424265 0.02157877 -0.02129254 0.40505803 -0.08313686 0.06691535 0.00229333 -0.02703875 -0.01965294 0.00544650 -0.04316435 -0.05057362 -0.07525334 0.03349904 0.00569859 -0.02419217 0.15853284 0.00000000 0.92293706 0.30895525 0.19082771 0.04985660 0.08803830 -0.02977823 -0.08771645 -0.08191435 -0.04142510 -0.05522438 -0.08135234 -0.05479800 -0.05065089 -0.04426266 -0.03699323 -0.08387000 -0.05598978 0.01003758 -0.06086823 -0.04520699 -0.02618506 0.01740722 0.01105546 0.00525202 0.04569546 -0.00355520 
-0.03698397 0.06831370 0.36621114 -0.00145826 -0.07481602 0.01314245 0.07785270 -0.00931190 -0.03569687 0.00521952 -0.03132642 -0.08758924 -0.05800767 0.00300090 -0.08515519 -0.03364746 -0.00479474 0.02047264 -0.00041121 -0.07838547 -0.00140522 -0.03742842 -0.08827271 0.00934619 -0.02926310 -0.07253134 0.10185275 0.00518135 -0.09366040 0.00457308 -0.01394284 -0.05361007 -0.08844265 -0.02195279 -0.12775501 0.03934037 -0.02081551 0.43401031 0.92293706 0.00000000 0.30030459 0.10414688 -0.08383681 0.00358900 -0.06295402 -0.09473193 -0.01996770 0.02221010 -0.08582082 -0.09174305 -0.11644059 -0.09080041 -0.02823013 -0.01367692 -0.04095524 0.07517818 0.07739661 0.02450174 -0.00287406 -0.10771300 -0.01669425 0.05680363 -0.04315372 -0.04535759 -0.05937641 
-0.04630641 0.16754855 0.19721033 0.06712483 -0.06446817 0.00895676 0.01116754 0.07394302 0.11568311 -0.10004817 -0.01732151 -0.00031245 -0.06511042 -0.04588225 -0.11037368 0.10223712 -0.00489507 0.01780632 0.05628661 -0.00609788 -0.05131491 -0.06167045 0.02207568 0.03251758 0.08591828 -0.06661168 -0.06013155 -0.00789510 -0.13395596 -0.10675005 0.07711736 -0.01288790 -0.07907230 -0.05964847 -0.09545070 0.02433704 -0.13537255 0.29795302 0.30895525 0.30030459 0.00000000 -0.00565072 -0.01813254 0.02104284 0.04608047 0.03804656 0.06372450 0.07743068 0.03063015 -0.00843328 -0.08008403 -0.03626445 -0.02678184 0.01591186 -0.06443753 -0.00350340 0.04095188 -0.00785273 0.06345519 -0.02877670 -0.04306228 0.02648654 -0.02094251 -0.05745709 -0.04100488 
0.03967086 0.13915273 0.22664940 0.05824699 0.02993087 0.04527342 0.09348439 0.10064722 0.03565331 -0.00541655 -0.00177305 -0.12686135 -0.03900556 -0.00687312 -0.06030697 -0.03106355 0.02678958 0.02132217 -0.01746485 -0.04344440 0.00034374 0.04289756 0.01683650 -0.04827910 0.04948386 -0.00772113 0.06735119 -0.03540979 0.00465999 0.00951377 -0.08305389 -0.06821992 -0.16653345 -0.03078205 -0.01789853 -0.10154646 -0.02384273 -0.00122438 0.19082771 0.10414688 -0.00565072 0.00000000 0.03804187 0.01943236 0.09350551 0.03824807 0.00117585 -0.00393437 -0.03124644 0.05012311 0.08909541 0.01760281 -0.00931244 0.01983236 -0.00463755 -0.02145483 0.06039291 0.03612064 0.01740728 0.02687412 -0.02933704 -0.01467170 -0.05825392 -0.01719563 0.02044502 
0.00296995 0.09621313 -0.04794423 -0.07294421 0.12978267 -0.01140543 -0.11307647 0.08854907 0.07830592 0.09499306 0.00189398 0.03532328 -0.01477773 0.01032082 0.02929755 0.03353480 0.09526106 -0.06175259 -0.10675471 0.05466334 -0.05304142 0.02677309 0.11576357 0.06324336 0.11503965 -0.01513034 -0.09857086 0.02990139 0.09259735 -0.02108259 -0.12234290 -0.02629364 -0.02732310 -0.03796664 0.09054045 -0.01865161 0.05771480 0.06512430 0.04985660 -0.08383681 -0.01813254 0.03804187 0.00000000 -0.03435952 0.02596080 -0.03093609 0.02800426 -0.02347314 0.02448986 0.01886692 0.04102277 -0.00014837 -0.01655575 0.00850721 0.00489847 0.02728470 0.07779642 -0.06167798 -0.06862943 0.01378027 -0.04891832 -0.00774466 -0.00770045 0.05880318 -0.02276723 
0.07795659 0.00029040 0.09030614 -0.06883311 -0.01378661 0.11177255 0.07595525 -0.05569284 -0.12957028 0.07551169 -0.09548546 0.17105521 -0.05922472 -0.01055327 -0.11592251 -0.03004320 0.12096147 0.13839766 0.00859621 -0.04503675 0.11003294 0.06872068 0.00083873 0.03039468 0.10161091 -0.02522247 0.00425854 -0.03076657 -0.14327445 -0.05744821 -0.04782158 -0.00391417 -0.01918529 -0.01585549 -0.02125506 -0.12777375 0.05081264 0.31217360 0.08803830 0.00358900 0.02104284 0.01943236 -0.03435952 0.00000000 0.18122108 0.05967649 0.08804403 -0.09285822 0.11405830 0.02827781 0.02585201 0.06867440 -0.00150369 -0.08058668 -0.01789597 0.00673426 -0.02441417 -0.08754329 -0.00067209 0.04388777 -0.07709281 -0.03630236 -0.09306820 -0.10106759 -0.08859806 
0.03369558 -0.05150534 0.02190328 0.00217165 -0.02880710 0.04767468 -0.08815723 -0.04218553 -0.00564250 -0.02737985 -0.10417018 -0.04133808 0.01991337 -0.05909291 -0.10251264 0.01405085 -0.04922581 0.03725227 0.07550287 -0.00651854 0.02727585 0.00309348 -0.12543820 -0.00668341 -0.07858171 0.01131760 0.03418249 -0.02723540 -0.08085139 -0.06451243 -0.00123864 -0.08787922 -0.08373311 -0.12154163 -0.02834282 -0.09365055 -0.07517883 -0.01383021 -0.02977823 -0.06295402 0.04608047 0.09350551 0.02596080 0.18122108 0.00000000 0.17782671 0.31462839 0.76240588 0.17274383 0.16024906 0.15212908 0.05494766 -0.04939800 -0.01576512 -0.05587288 0.00717981 0.06239192 -0.08403254 -0.01388945 0.11274830 -0.06982105 0.05678681 -0.07929980 -0.07053446 0.02639778 
0.05261971 0.01640196 0.04414175 0.03330437 -0.01327326 -0.12844103 0.12140949 0.06059107 -0.03124558 0.01526820 0.04754633 -0.04424384 -0.05104743 0.05708578 -0.03884984 0.10020812 0.01497228 0.00509034 -0.06462130 -0.04561386 0.00266938 -0.01865820 0.06525812 -0.03466774 0.02082542 0.06069530 0.07922541 0.01245971 -0.03383775 -0.05396378 0.09509468 -0.08890615 0.13462152 -0.06286985 0.07042749 -0.07558214 -0.07443286 0.07083104 -0.08771645 -0.09473193 0.03804656 0.03824807 -0.03093609 0.05967649 0.17782671 0.00000000 0.27919735 -0.03916656 0.06804139 0.15066325 -0.04376678 -0.02042026 0.11405107 -0.00870925 0.02359807 -0.07008818 0.05082209 0.00030058 -0.04125495 0.02356440 0.04599953 -0.01331979 0.01315248 -0.02291411 -0.06316489 
-0.00522018 0.08307172 0.13427210 -0.00941040 0.07854945 -0.10028736 0.08491451 0.00224883 -0.02753747 -0.03036444 0.08035941 0.00683742 -0.05975029 0.03604892 -0.08970328 -0.01652691 -0.08785411 -0.03617780 0.02154500 -0.05067877 0.03079892 -0.08438916 0.05641419 -0.07156800 0.02673795 0.07472483 -0.08075233 -0.06406562 -0.06887933 -0.05527340 -0.03932359 -0.05445804 -0.05834187 -0.05651721 -0.00393234 0.04488655 -0.04623570 -0.06478561 -0.08191435 -0.01996770 0.06372450 0.00117585 0.02800426 0.08804403 0.31462839 0.27919735 0.00000000 0.34929261 0.01014977 0.06743578 0.22749406 -0.06342006 0.03840010 0.13352698 -0.08885190 -0.04352139 -0.08014425 -0.01991179 -0.04452787 0.04407709 -0.02824575 -0.08185512 -0.00911177 -0.08098627 -0.06672697 
-0.00632332 0.08154278 0.01996766 -0.02856271 0.00557924 0.02882782 -0.07047176 -0.10731831 -0.01685443 0.08097807 -0.07827876 -0.10063409 -0.10586438 -0.00133274 -0.11228355 -0.02431372 -0.05115075 0.01670108 -0.05334453 -0.04506997 -0.05748204 -0.01005743 -0.05101327 -0.01751929 -0.02347292 0.03438780 -0.16740872 -0.00612751 -0.10661247 0.07562292 -0.00678715 -0.05639689 -0.10384805 -0.04484001 0.04758013 -0.00870265 -0.03497512 0.04267715 -0.04142510 0.02221010 0.07743068 -0.00393437 -0.02347314 -0.09285822 0.76240588 -0.03916656 0.34929261 0.00000000 0.38694308 -0.09309061 0.26792575 0.20012902 0.00431307 -0.02352845 0.08913292 0.05917047 -0.05373816 -0.12407673 0.08495177 -0.06655242 -0.12326528 -0.03014381 0.02157547 -0.10114863 -0.10168180 
0.13333008 0.03436059 0.08137657 0.05947864 0.00549729 0.34524997 -0.01304871 0.01220193 -0.00144807 0.03987920 -0.00463766 -0.01326556 -0.11298397 -0.04504206 0.03472321 0.05028666 -0.14658546 -0.02227537 -0.01901367 0.05960487 -0.03801380 -0.05692240 -0.04779697 0.01387046 -0.01612695 0.08053350 -0.03754584 -0.04577249 -0.11945021 0.04427545 0.03494430 -0.04635558 -0.07828596 0.01710183 -0.08036969 0.08326156 -0.00061348 0.00446816 -0.05522438 -0.08582082 0.03063015 -0.03124644 0.02448986 0.11405830 0.17274383 0.06804139 0.01014977 0.38694308 0.00000000 0.00735698 -0.08265845 -0.13075563 0.19234000 -0.07711008 -0.11651138 -0.06143311 0.02809897 0.02531065 0.10296016 -0.02942104 -0.08513874 -0.02400638 -0.03842697 -0.00081561 -0.05651907 
-0.03258672 0.01341234 -0.02650812 0.11894053 0.01462238 -0.09473471 -0.06158473 0.06541181 0.00135401 0.00903534 -0.04729616 0.03067927 -0.00472175 0.07577700 0.05037929 -0.01980233 -0.01953751 -0.01133671 -0.02859488 0.00383701 -0.02075044 -0.04678344 -0.03781005 -0.01672380 -0.07863613 0.00131166 -0.18769791 -0.08601346 -0.11231597 -0.06214637 -0.00842943 0.02644358 0.04289074 0.06497966 0.06243015 -0.07117976 -0.01495877 -0.08379557 -0.08135234 -0.09174305 -0.00843328 0.05012311 0.01886692 0.02827781 0.16024906 0.15066325 0.06743578 -0.09309061 0.00735698 0.00000000 0.09911993 -0.04362246 0.18058836 0.31008758 -0.02715085 -0.08943051 -0.00469590 -0.03415770 0.31679256 0.38846692 -0.06913266 -0.00996696 0.02808992 0.07338620 -0.00557832 
0.00364188 0.00485133 -0.03081117 0.01105250 0.01620405 0.09588388 -0.02240522 0.01221411 -0.03807799 -0.00899487 -0.10172531 0.07426556 0.02998923 -0.03404816 -0.05019422 0.06321977 -0.05680347 0.01225895 -0.04314103 -0.05027142 -0.02103143 -0.04453857 0.04500704 -0.04459102 -0.10785190 0.08069661 -0.10961062 0.08241242 -0.05431257 -0.01321826 -0.05148525 0.11610303 0.01199602 0.12182586 -0.00660363 0.05871504 -0.14537223 0.04584176 -0.05479800 -0.11644059 -0.08008403 0.08909541 0.04102277 0.02585201 0.15212908 -0.04376678 0.22749406 0.26792575 -0.08265845 0.09911993 0.00000000 0.04024590 0.06974038 0.03621342 0.27635852 0.04865349 0.04544929 -0.02801441 -0.08901654 -0.04824167 0.04874227 -0.01518653 -0.07543909 0.03777895 -0.02982608 
-0.06515100 -0.01525497 -0.06536923 -0.10906665 -0.08479838 0.17602735 -0.02133780 -0.15241067 -0.04949138 0.33849224 -0.04170367 -0.01357356 -0.02984489 0.07526607 0.12319060 -0.03417426 -0.07062360 0.03013755 0.00799770 -0.00742515 -0.07706101 0.00603652 -0.07481043 0.07919610 -0.01631769 -0.04016907 -0.01852170 0.07474172 -0.08230674 -0.04353370 0.01366914 0.04955888 0.06201338 0.03060552 0.11458112 0.07787939 0.07895110 -0.02608798 -0.05065089 -0.09080041 -0.03626445 0.01760281 -0.00014837 0.06867440 0.05494766 -0.02042026 -0.06342006 0.20012902 -0.13075563 -0.04362246 0.04024590 0.00000000 0.13977985 -0.04999483 0.29230440 -0.00870611 -0.08539152 -0.02652751 -0.03794610 -0.00051382 -0.00476000 0.00038272 -0.03516507 0.03859743 -0.07613051 
0.10205000 -0.01259557 -0.06483009 -0.03376043 0.02494703 0.21191657 -0.17118769 0.06976876 0.23112591 0.09051592 0.02939078 0.03738607 -0.00786555 -0.05625149 -0.02848902 -0.09703968 -0.08525439 0.00015414 -0.02564795 -0.04985423 -0.09306620 -0.01964401 0.00425968 -0.03813970 0.02237779 -0.01762590 -0.02972202 -0.06051246 -0.09727103 -0.02339297 -0.09989928 -0.07614637 -0.01348244 -0.00086886 -0.06910480 -0.06811445 0.05205836 -0.02732288 -0.04426266 -0.02823013 -0.02678184 -0.00931244 -0.01655575 -0.00150369 -0.04939800 0.11405107 0.03840010 0.00431307 0.19234000 0.18058836 0.06974038 0.13977985 0.00000000 0.06194879 0.03020918 0.34438596 -0.06036697 0.33743623 0.05491563 0.03145512 -0.01275145 -0.07236696 0.14259061 -0.12258591 -0.14858792 
